{
  "advancedEditorSelectedIdentifier" : "ProjectBrowser",
  "openSceneRelativePaths" : [
    "Scene.usda"
  ],
  "recentIdentifiers" : {
    "315088BF-2E1A-4D03-9EDE-47E3BAB77B37" : [

    ]
  },
  "sceneCameraHistory" : {
    "315088BF-2E1A-4D03-9EDE-47E3BAB77B37" : [
      {
        "date" : 736077397.053445,
        "title" : "Untitled",
        "transform" : [
          0.9988091,
          -5.796317e-10,
          -0.048787974,
          0,
          -0.008197765,
          0.9857822,
          -0.16782798,
          0,
          0.048094314,
          0.1680283,
          0.9846083,
          0,
          -0.031232,
          1.9186691,
          2.739622,
          1
        ]
      },
      {
        "date" : 736077201.946776,
        "title" : "Untitled",
        "transform" : [
          0.9988091,
          -5.796317e-10,
          -0.048787974,
          0,
          -0.008197765,
          0.9857822,
          -0.16782798,
          0,
          0.048094314,
          0.1680283,
          0.9846083,
          0,
          0.03200698,
          1.3478006,
          2.8339548,
          1
        ]
      },
      {
        "date" : 736077191.946659,
        "title" : "Untitled",
        "transform" : [
          0.9953361,
          -3.7942577e-10,
          -0.09646727,
          0,
          -0.030639844,
          0.9482184,
          -0.31613755,
          0,
          0.091472045,
          0.31761912,
          0.9437961,
          0,
          0.5681866,
          2.424027,
          2.600669,
          1
        ]
      },
      {
        "date" : 736077183.068964,
        "title" : "Untitled",
        "transform" : [
          0.9953361,
          -3.7942577e-10,
          -0.09646727,
          0,
          -0.030639844,
          0.9482184,
          -0.31613755,
          0,
          0.091472045,
          0.31761912,
          0.9437961,
          0,
          0.39089894,
          2.3375423,
          3.779772,
          1
        ]
      },
      {
        "date" : 736077176.531938,
        "title" : "Untitled",
        "transform" : [
          0.42213875,
          1.5874555e-09,
          0.9065312,
          0,
          0.03255519,
          0.99935496,
          -0.015159791,
          0,
          -0.90594643,
          0.03591208,
          0.42186645,
          0,
          -3.1857405,
          1.1065552,
          -0.31099582,
          1
        ]
      },
      {
        "date" : 736077170.846491,
        "title" : "Untitled",
        "transform" : [
          0.9967032,
          5.5232624e-10,
          0.08113342,
          0,
          0.015357518,
          0.98192173,
          -0.18866329,
          0,
          -0.07966667,
          0.18928756,
          0.9786845,
          0,
          -0.2337493,
          1.6439627,
          1.5584025,
          1
        ]
      },
      {
        "date" : 736077165.349639,
        "title" : "Untitled",
        "transform" : [
          0.9967032,
          5.5232624e-10,
          0.08113342,
          0,
          0.015357518,
          0.98192173,
          -0.18866329,
          0,
          -0.07966667,
          0.18928756,
          0.9786845,
          0,
          -0.23887044,
          1.6551864,
          1.6911596,
          1
        ]
      },
      {
        "date" : 736077160.831085,
        "title" : "Untitled",
        "transform" : [
          0.99990284,
          5.692444e-10,
          0.01393676,
          0,
          0.0028708861,
          0.9785531,
          -0.20597461,
          0,
          -0.013637859,
          0.20599483,
          0.97845805,
          0,
          0.0045535564,
          1.7158117,
          1.6099623,
          1
        ]
      },
      {
        "date" : 736077149.7796,
        "title" : "Untitled",
        "transform" : [
          0.99990284,
          5.692444e-10,
          0.01393676,
          0,
          0.0028708861,
          0.9785531,
          -0.20597461,
          0,
          -0.013637859,
          0.20599483,
          0.97845805,
          0,
          -0.0017435811,
          1.3914509,
          1.6781623,
          1
        ]
      },
      {
        "date" : 736076883.211997,
        "title" : "Untitled",
        "transform" : [
          0.99990284,
          5.692444e-10,
          0.01393676,
          0,
          0.0028708861,
          0.9785531,
          -0.20597461,
          0,
          -0.013637859,
          0.20599483,
          0.97845805,
          0,
          -0.032733962,
          1.8595494,
          3.9015884,
          1
        ]
      }
    ]
  }
}