{
  "advancedEditorSelectedIdentifier" : "ProjectBrowser",
  "openSceneRelativePaths" : [
    "Scene.usda"
  ],
  "recentIdentifiers" : {
    "315088BF-2E1A-4D03-9EDE-47E3BAB77B37" : [

    ]
  },
  "sceneCameraHistory" : {
    "315088BF-2E1A-4D03-9EDE-47E3BAB77B37" : [
      {
        "date" : 736167241.970417,
        "title" : "Untitled",
        "transform" : [
          0.9996535,
          -1.8245565e-08,
          -0.026321262,
          0,
          -0.001404262,
          0.9985756,
          -0.05333493,
          0,
          0.026283698,
          0.05335344,
          0.99822974,
          0,
          0.08321643,
          1.8984553,
          2.8215003,
          1
        ]
      },
      {
        "date" : 736167233.271579,
        "title" : "Untitled",
        "transform" : [
          0.15639758,
          -1.6927936e-08,
          0.98769414,
          0,
          0.36100468,
          0.93081033,
          -0.05716362,
          0,
          -0.9193559,
          0.3655025,
          0.14557636,
          0,
          -7.2742424,
          5.294311,
          0.22038043,
          1
        ]
      },
      {
        "date" : 736167226.905279,
        "title" : "Untitled",
        "transform" : [
          0.546719,
          -1.8632045e-08,
          0.83731616,
          0,
          0.15400487,
          0.9829399,
          -0.10055617,
          0,
          -0.8230315,
          0.18392679,
          0.53739184,
          0,
          -6.405508,
          4.122145,
          2.6546273,
          1
        ]
      },
      {
        "date" : 736167223.884104,
        "title" : "Untitled",
        "transform" : [
          0.09214283,
          -2.319734e-08,
          0.99574584,
          0,
          -0.04720086,
          0.99887586,
          0.0043678833,
          0,
          -0.9946266,
          -0.04740247,
          0.092039116,
          0,
          -6.9863534,
          2.9041877,
          0.1973924,
          1
        ]
      },
      {
        "date" : 736166979.122613,
        "title" : "Untitled",
        "transform" : [
          0.99878883,
          -2.2920824e-08,
          -0.049201805,
          0,
          0.008378377,
          0.985395,
          0.17007808,
          0,
          0.048483074,
          -0.1702843,
          0.98420155,
          0,
          2.2100465,
          1.7653458,
          9.008502,
          1
        ]
      },
      {
        "date" : 736166672.891806,
        "title" : "Untitled",
        "transform" : [
          0.99878883,
          -2.2920824e-08,
          -0.049201805,
          0,
          0.008378377,
          0.985395,
          0.17007808,
          0,
          0.048483074,
          -0.1702843,
          0.98420155,
          0,
          2.2353766,
          1.7111957,
          8.997886,
          1
        ]
      },
      {
        "date" : 736166572.109963,
        "title" : "Untitled",
        "transform" : [
          0.9949725,
          -2.3188266e-08,
          0.10014839,
          0,
          -0.02549679,
          0.9670489,
          0.25331095,
          0,
          -0.09684853,
          -0.25459087,
          0.96218705,
          0,
          0.8423581,
          0.9059172,
          8.977081,
          1
        ]
      },
      {
        "date" : 736166484.861259,
        "title" : "Untitled",
        "transform" : [
          0.9949725,
          -2.3188266e-08,
          0.10014839,
          0,
          -0.02549679,
          0.9670489,
          0.25331095,
          0,
          -0.09684853,
          -0.25459087,
          0.96218705,
          0,
          0.86592203,
          0.9116784,
          8.980977,
          1
        ]
      },
      {
        "date" : 736166420.425113,
        "title" : "Untitled",
        "transform" : [
          0.9840639,
          -2.2579352e-08,
          0.17781533,
          0,
          -0.022548482,
          0.99192715,
          0.124788016,
          0,
          -0.17638001,
          -0.12680882,
          0.9761197,
          0,
          0.30224502,
          2.3172512,
          9.727922,
          1
        ]
      },
      {
        "date" : 736166411.759847,
        "title" : "Untitled",
        "transform" : [
          -0.017026966,
          -2.2000426e-08,
          0.9998551,
          0,
          0.17337322,
          0.98485184,
          0.00295252,
          0,
          -0.984709,
          0.17339839,
          -0.016769242,
          0,
          -11.636142,
          5.7897973,
          0.40691638,
          1
        ]
      }
    ]
  }
}