{
  "advancedEditorSelectedIdentifier" : "ProjectBrowser",
  "openSceneRelativePaths" : [
    "Scene.usda"
  ],
  "recentIdentifiers" : {
    "315088BF-2E1A-4D03-9EDE-47E3BAB77B37" : [

    ]
  },
  "sceneCameraHistory" : {
    "315088BF-2E1A-4D03-9EDE-47E3BAB77B37" : [
      {
        "date" : 747158348.098201,
        "title" : "Untitled",
        "transform" : [
          0.99753034,
          -1.5448016e-08,
          0.07023674,
          0,
          0.011613085,
          0.9862365,
          -0.1649327,
          0,
          -0.069270104,
          0.16534118,
          0.98380077,
          0,
          0.40997785,
          1.6337589,
          5.1554184,
          1
        ]
      },
      {
        "date" : 747158334.421937,
        "title" : "Untitled",
        "transform" : [
          0.14811976,
          -1.5624092e-08,
          0.98896945,
          0,
          0.20332311,
          0.97863805,
          -0.030452007,
          0,
          -0.9678431,
          0.20559102,
          0.14495556,
          0,
          -3.0889645,
          1.7688242,
          2.863626,
          1
        ]
      },
      {
        "date" : 747158329.490173,
        "title" : "Untitled",
        "transform" : [
          0.26526123,
          -1.7624009e-08,
          0.9641766,
          0,
          -0.0049342276,
          0.9999869,
          0.0013575591,
          0,
          -0.964164,
          -0.0051174504,
          0.2652577,
          0,
          -3.226798,
          1.0422134,
          3.3103356,
          1
        ]
      },
      {
        "date" : 747158327.432428,
        "title" : "Untitled",
        "transform" : [
          0.9981102,
          -1.7766316e-08,
          0.061450142,
          0,
          0.0021998752,
          0.99935895,
          -0.035730593,
          0,
          -0.06141082,
          0.03579838,
          0.9974703,
          0,
          0.4282886,
          1.1870387,
          5.3357897,
          1
        ]
      },
      {
        "date" : 747158325.40185,
        "title" : "Untitled",
        "transform" : [
          0.99710655,
          -1.9594e-08,
          -0.07601633,
          0,
          -0.046220314,
          0.7939123,
          -0.60627294,
          0,
          0.060350243,
          0.60803235,
          0.7916151,
          0,
          0.8093089,
          3.003962,
          3.9167228,
          1
        ]
      },
      {
        "date" : 747158323.171014,
        "title" : "Untitled",
        "transform" : [
          0.99710655,
          -1.9594e-08,
          -0.07601633,
          0,
          -0.046220314,
          0.7939123,
          -0.60627294,
          0,
          0.060350243,
          0.60803235,
          0.7916151,
          0,
          1.1093291,
          4.1885934,
          4.755357,
          1
        ]
      },
      {
        "date" : 747158289.564405,
        "title" : "Untitled",
        "transform" : [
          0.35470477,
          -1.8172017e-08,
          0.93497837,
          0,
          0.28222752,
          0.95335394,
          -0.10706919,
          0,
          -0.89136535,
          0.30185464,
          0.33815914,
          0,
          -2.6180215,
          2.6128118,
          1.0027413,
          1
        ]
      },
      {
        "date" : 747158275.545345,
        "title" : "Untitled",
        "transform" : [
          0.9996535,
          -1.8245565e-08,
          -0.026321262,
          0,
          -0.001404262,
          0.9985756,
          -0.05333493,
          0,
          0.026283698,
          0.05335344,
          0.99822974,
          0,
          0.08293726,
          1.8978888,
          2.810898,
          1
        ]
      },
      {
        "date" : 736167241.970417,
        "title" : "Untitled",
        "transform" : [
          0.9996535,
          -1.8245565e-08,
          -0.026321262,
          0,
          -0.001404262,
          0.9985756,
          -0.05333493,
          0,
          0.026283698,
          0.05335344,
          0.99822974,
          0,
          0.08321643,
          1.8984553,
          2.8215003,
          1
        ]
      },
      {
        "date" : 736167233.271579,
        "title" : "Untitled",
        "transform" : [
          0.15639758,
          -1.6927936e-08,
          0.98769414,
          0,
          0.36100468,
          0.93081033,
          -0.05716362,
          0,
          -0.9193559,
          0.3655025,
          0.14557636,
          0,
          -7.2742424,
          5.294311,
          0.22038043,
          1
        ]
      }
    ]
  }
}